SP500
""
0.0008722801819327497
0.0036244163928755846
0.007174411953218218
-0.00032160941562886514
-0.0034567022376157386
-0.009890925076242563
-0.006188084468740529
0.0001954542916178248
-0.002966137182099926
0.00807789498736522
0.010269906189024569
0.004117064855799546
-0.002443682362363253
-0.01657128741405567
0.0004395788416049484
-0.014443932990194086
-0.0030853932107195448
0.002995563442768523
-0.0007289609828942112
0.00015581398642994237
0.010926523906639396
-0.00937944367780652
0.0021637675010606205
0.00785318149104608
-0.023705010536338222
-0.012204828867073525
0.0016987172506914838
0.0001304489618436655
-0.003985420606798407
-0.013852007595323457
-0.0015935196866078138
0.004839913398801521
0.01986204665117519
0.0006633547000842732
0.0023202023331725385
0.01302631862720438
-0.0020295923074195032
-0.005226518001265723
0.007855948074971142
0.004269715517791761
0.000162435114234194
-0.0047451595136212
-0.0017098747037873618
0.0015848761593404426
0.003306653042688623
0.002920916021896147
0.00033848822695636827
0.0065489408198511345
0.00044822949350065144
-0.006321404569892497
-0.0041354045581035725
0.011870569759051541
0.01148661875332091
-0.007589214744365136
0.0054881913345081745
-0.009378744744370282
-0.0024403034646715005
-0.004787405548624113
-0.0012184557306156307
-0.011049996474155499
0.01694202206170714
0.02540334738008254
-0.0020855841687067445
0.004865113028224677
-0.0031231460582213932
-0.0032423780174979377
0.0026558693339737705
0.007597431931116505
-4.755047142890323e-05
-0.0009306749091402278
0.0011287295672748332
0.00019696537484570342
0.00564296530696784
0.0034032438856401726
0.004428054213380994
0.0015074770863483522
6.689813421001389e-06
0.005445471695588733
-0.0018496832916378159
0.0051060539401937
-0.003899617996604321
-0.0025633172654399017
0.010052666359613216
-0.011538690299173315
0.01041645773579103
0.0005491996903306262
-0.0018054122688674346
0.005657914786768137
-0.0006060885548082595
0.0015952432745993672
0.0005923273859276268
0.0006906395322070491
-0.0010451037873510094
0.007336539916699136
-0.01240414385932831
-0.0063031184893680425
0.008772513677932858
-0.018309580364212152
0.006109486843431933
0.012725960960359162
-0.000864121794998618
0.002323923204901268
0.004610723224871549
0.009565958562811394
0.0010845634794356407
0.0018164597200056587
0.004481110693795198
0.00324913936487059
-0.0024032591792934044
0.0013140265897144676
0.005603015721894922
-0.0016184438630272302
-0.005510347920804848
-0.002422524321886499
0.006697495382151253
-0.008282490007762933
0.007174278690645686
-0.0033399919069426742
0.007785060160212298
-0.0005883218120312783
0.004056691301148607
-0.0044736456388327905
0.005172292388152311
-0.010546091386721801
0.004048426648816772
-0.004294926858036674
0.006302791512154959
0.003544307036792871
0.012189135604133705
0.003552241250086574
-0.0028367548027137257
-0.02296629637788339
0.014307248318689014
-0.01432772121912651
-0.006700987751367626
0.008847892787410716
0.004661629963028435
0.010419200000000073
6.3340047378179776e-06
0.004034735461967864
-0.0018420853415428429
0.007186014763878923
0.0024849241658875254
-0.009307886352397654
0.009407973715801932
0.010534617768013232
0.00190780589933226
0.005230293663060381
0.004139093212625067
-0.0036871665778561713
0.004321712455507276
4.284752402528014e-05
0.01014218647667664
0.005114097701079734
-0.005009705928453401
0.01030009633619522
-0.0007076589084061835
0.001722389259972923
-0.008273622660500024
-0.0029238529616092412
-0.0005513447358695966
0.006340931134820593
-0.007047938026336409
0.0036703147370720224
-0.014307215261029627
0.005935955455805386
-0.005510783823654886
-0.013779744755973433
0.008490272857231584
0.012831574795385103
-0.0003468461341870066
-0.010153334834825611
-0.008369564548959874
0.014784312752710083
-0.0058850130778067555
0.007567328321233413
0.007791146036704388
-0.01385147202160053
-0.025010282823694108
0.002669705765683039
-0.012144960846002695
0.009497231563356134
0.00959049892004571
0.006199867769419942
-0.004289610711629144
0.0054037901237642405
-0.0005449051369693647
0.0008239988104679075
0.010201744448777639
0.005251579456948763
0.007229679480145856
0.00018156289338633336
0.013554235093367062
0.0030865303100859887
0.0013748445116326113
-0.0037087667161961324
0.0027740326679632776
0.005032988083835344
0.0016100676583579165
0.00203298878901248
-0.0018519283056034341
-0.0038111782745112732
0.002556437358387509
0.0008282798402603486
-0.0037359973989892215
0.0003738140304867521
-0.00013642079290143716
0.01254056106256618
0.0016404295581973205
-0.001479817742605305
-0.005723022130581068
-0.003805887932507246
0.0038854817819991005
-0.003569997879209197
-0.0011528774639061323
0.0027760185146821215
-0.005176606695943664
-0.01428156094435129
-0.003304601160523002
-0.005900364167819139
0.0038212458841111463
-0.005779647169183222
0.008619430241051829
0.003946987253765855
-0.004039675383228136
-0.01587416555004284
0.002747657131642267
0.0019633507853402676
-0.003174273732274413
0.00416419162630044
0.008116992017173086
0.0012098628015582147
5.437803610708336e-05
0.00999293123969136
0.0073457716948512886
0.0030522746572130277
-0.00338043845056335
0.002714711717812568
0.0056931616893465264
0.004217719132893594
0.01217766723761704
-0.0018429227131532278
-0.007216925810234809
-0.0047195466428058275
-0.0025971889249282176
-0.0027394516383688616
0.0034854114853171136
-0.004073775365432963
-0.006029259642382212
0.007998572745383736
-0.0006666666666667043
-0.008979437619179631
0.007053244850058871
-0.008506359065365343
-0.012332052597665899
0.0005738620918782633
0.0218304757304999
0.006286335491799466
0.004074682949741781
-0.007063749166735023
0.013827544374168221
0.006743961801642717
0.00654876958139794
9.17168243050881e-05
0.0057375075946028975
-0.0047245350977676015
0.003258168325335653
0.004394801577562557
0.0013297192246712886
0.0055842143793520815
-0.004875984085329743
-0.0038393702752210768
0.0029034351623078436
0.003570536545491665
-0.0028055409433631606
0.004265529192215345
-0.013182791204694677
0.013427582062215393
0.000722914701713151
-0.0023703503039127494
0.008095310829387525
0.0048372615039280475
0.004222001317979451
-0.003698183719093806
-0.0020429465317355344
-0.003635611090291757
0.008128575197741128
0.00496143887295708
-0.0012633258715840645
0.00014979361768219235
0.0024850922202190873
-0.000785732861893651
-0.0027190014453346567
-0.0031928480204341803
-0.001303512241316973
-0.004339556338931572
0.011237906365719308
0.001817083912713402
-0.0031796590299552063
-0.011316861013413781
-0.0037705782675540034
-0.0001013798929879739
0.006319987382556347
-0.0031009661132691546
0.01664795058955648
-0.0005799022450502234
0.004818744473916947
0.005318095824717428
0.0029157708740199517
0.004745489058102237
-0.0003365870077414179
-0.00017921146953414624
0.003959653896918658
-0.008861910017529007
-0.000332973067391662
-0.0025117807979817552
0.006081772746432401
-0.0002122010142120434
0.00034830121524476176
0.0023066921273249275
-0.01257619262146037
0.010817941952506738
0.005166188114504422
-0.001347125591058096
-0.0038951400137603454
0.002773698808941072
0.0005748996637378045
-0.008889563435707792
-0.020875490850223777
-0.0048763049561803
0.006140685691192083
-0.010209205020920487
0.011267049938000318
-0.00646531303819553
-0.02283194677407585
0.00764112544420148
-0.0020282588878759444
0.01243977072914526
0.013301906475022829
0.0015692646715117498
0.011062094408391898
-0.0002692677565599988
0.005810054637599871
0.004809189924747104
0.0011584712530525731
-0.006524479019535456
0.006031442241968499
-0.0019187076715694307
0.006186521443158455
-0.0013476870118693807
2.167880679859735e-05
0.004948080383272879
0.00278273624945391
-0.007378525908198652
0.01526767186966671
-5.336435581226873e-05
0.0017184239597398676
0.0005380841009468007
-0.00046324891908577914
-0.0050821182950930854
0.00030519963804387373
-0.011701102665667595
-0.0028217988019539897
0.009613661175473576
0.007219595121662481
-0.006131659767659281
0.006040510111405606
-0.0029326766416846173
-0.004864667938195066
0.004403910758893792
-0.007000353769792356
-0.0019000734119272167
0.004640245749145455
0.007924117957386345
0.007039319781663611
0.002853324281895775
-0.0011264477233063896
-0.012537259698110481
-0.010750151467221358
0.003750596193036415
0.010918162379317087
-0.020884743988291765
-0.009486765443952216
0.008217261757238248
0.006757310404728489
0.01048844805695115
0.0013638975251166752
0.0037751025551653328
0.004092120797696275
-0.0022132957356812977
0.0017169762022830604
-0.008096411708656825
0.00323602017816893
0.004760809444589897
0.0029920195066894806
-0.00014331590541150074
-0.0013484243608256063
0.0018712057582104258
-0.008988358642938232
0.005616473561347535
-0.001373648314086262
0.0015194894515442314
0.009672714109279834
0.00042179632509942167
-0.0047010461408732995
-0.009361778737960291
0.0037469599379960083
0.0038501272725335323
-0.0065036682598709206
0.008116059653038521
0.002362250599831528
0.00424837119350685
0.005987803402208947
-0.0011140691768964928
0.005367110347788806
0.0018437211918562735
0.0007278133886472471
-0.0003792266892471696
0.00189165592649565
0.006525302404714051
0.0046277686734073065
0.0009387311227839756
-0.0002459936349147318
-0.0035370285884179786
-0.007088878485922656
0.0031345363735746368
0.0008367077101065767
0.0021725892516177847
0.007718886297045868
0.0012774785639098063
0.0017300508298119244
-0.0001324591032518807
-0.006435308084642322
0.0048974861280628446
-0.0011788541129760244
0.0019108735860047243
-0.0003722666449086365
0.006677787810614122
0.0006587882350557184
0.005479535302995053
-0.003923563542590047
-0.0070487700048037505
0.004644270284308805
-0.004131121282624384
0.001470977461978551
0.004843537968153511
-0.0019321228061301987
0.0042011270574879855
-0.011834050777918548
0.01026494801135791
-0.0023202677154209317
0.005016137776584273
0.0017544478782776096
0.00048817066849182744
-0.004849143351542851
0.0002881203433182655
-0.004527745071781997
6.091525165596856e-05
-0.019999289365352446
-0.0028591110857888458
0.007189050203880276
-0.009685454798632254
1.56232912025267e-05
-0.005556597092030158
0.011531391884036735
0.0027593847555642537
-0.001636618962063574
0.006707175177763425
0.004345771348730265
-6.137542323469969e-05
0.00853170746677856
0.005000659316136913
0.002477795720629894
0.002949897055640305
-0.0019926017757744274
0.004787769060551117
0.0010510931368623577
4.999950000494913e-05
-0.0016898986060835952
0.0033204122720034146
-0.0005440832197746159
-0.0007791118125336505
-0.0015344475988643413
0.005035917202713236
-0.0030731529952034986
-0.006544960380507003
0.0036460743095090287
0.0008819004955680221
-0.005962602317955423
-0.0007101342707775959
0.007484388623729243
0.0012956607870013848
0.004891160439055353
-0.00047728899848853423
-0.008013330680461617
-0.005776491884329715
0.007832476787524412
-0.0161687434319171
0.008575832023560492
-0.002546839145674107
-0.002785923753665709
-0.013248558781923436
5.138323673214984e-06
0.011165519969992266
-0.0015651201788710045
-0.015126067527814313
0.017461629889928165
-0.020661387888607274
-0.011451034897651202
-0.016467921915084505
0.0015788856054705924
-0.008100335516855739
0.0001449672213005293
0.01288410745345625
0.009142657253704778
0.019574477024805637
-0.0072993076732877915
0.012303397315150733
0.007053444192698377
-0.0015015932158526368
0.01193905068743839
-0.001385355532606214
0.006230136709882483
0.01173138144536634
-0.00011892668665292039
-0.0028298006254305896
0.005700511902986927
0.003775505665729373
0.0003495453448929542
0.0031202015827394014
0.0006966726521642208
-0.0007010903671164082
0.0005298663068808995
0.00024027499227696758
0.000735359002264957
0.005133932945349251
-0.0015011209669559822
0.001967081885274835
0.0052368773596394025
0.0028640659074388175
-0.0011500862564690628
0.002805958307329659
-0.002542417853852008
-0.006829306041904459
0.006384408602150504
0.003764728654036764
-0.001161820925310808
0.0016651222054904213
-0.0072565373885138396
-0.0002378282879760274
-0.016350943286306596
0.004535718163601654
-0.016213586985894146
-0.006342610858349973
-0.008489015545603995
0.020352403256384655
0.024015221894887473
0.0045700867928373246
0.0038103977012049484
0.001746418158899976
-0.00013927777270827946
0.0033095087132783974
0.0008617511741360051
-0.004888618893411967
-0.010310765015502099
-0.0003399873718977764
-0.018278107083859685
-0.008893486028764053
0.011629823080879564
0.017888345920331616
-0.008403891103416772
-0.008093661513783657
-0.0025785648782700177
-0.005813062584341333
-0.00924788815027322
0.013424199691870697
0.0015499499856392873
0.004731650639044682
0.01526976753341347
-0.005491602646438665
0.002568451423614171
-0.0133878439932138
-0.013495602473454604
0.009534702521277083
-0.012991960420531856
0.0129624709898295
0.01443946854046585
-0.004156036740925795
0.010291401952476242
-0.0034181486724977894
-0.004247203802536514
0.010675513255225422
-2.9005264455483903e-05
0.009644530173601451
0.004074733777675421
0.0015975278852071728
-0.00031423483816916953
-0.0010620666006249113
0.0061264869245991616
-0.0003032744159600087
0.002758738374904146
-0.0007657836519371353
-0.0014759728648067183
-0.002956309161715742
0.0061249703017343116
-0.004538606491954589
-0.0043885035440131
0.0011960753479816066
-0.014173932909416154
0.003944458928381467
-0.016961378839393415
-0.0019176581089542788
0.012601458651923192
-0.006074687189912553
0.01353365150482122
-0.003320215838054086
0.012158435698169878
-0.004872588711598014
0.009012717360609157
-0.0017456477396706749
-0.006139458853270718
-0.014558928998326448
-0.0023774289803740745
0.002368504243367431
0.012236659518102488
-0.008795728200015285
-0.003965394677666545
0.0035296573756244953
0.006608739404729613
-0.0020618853995443276
0.0026826178882932705
0.004457466737115112
0.005202804158417784
-0.004581220326727142
0.0016296841471401535
0.005148293762882616
-0.0007784945624055295
-0.01131121763048748
0.009235145446333526
-0.0014806703485050754
0.00508751770141469
0.002357729748192483
0.00225279588060201
-0.004141304912428145
0.0027691899171140566
-0.003740377158637509
-0.010128865367728945
0.010922987662490113
0.0029407719051932624
-0.011837369767650707
-0.0044556966871822645
0.0037737663149290945
0.01345785440613012
-0.005089551533481451
-0.002949656348410934
-0.00030488966805131135
0.010779230681254859
0.0007684691905143204
0.003047961822747025
-0.0006434341536727395
-0.0009305254649102368
0.002337888374062347
-0.0022338817919862475
-0.01028192995494015
0.00916262712669913
-0.0012667884792887385
-0.006318400218786491
0.0020594194714789182
-0.0010086516742198182
0.0021188850967008843
-0.008623177094419732
-0.0014361783342240475
-0.00647448669982742
0.00041841406640763523
0.012042400788404573
0.001738552156564932
-0.006994300238043261
-0.004622488789987278
0.005689804886707783
0.001979687924857698
0.009902687056045245
-0.005303501725405946
0.006094815615239835
0.0006359375368019116
-0.0073533565577629245
-0.002973565148109092
-0.0003900471386237836
-0.020866147352592623
0.0026583853346553443
0.0069361304050681305
-0.0003080744384861278
-0.003861747512976854
0.006080937373112327
-0.016652733335255188
0.002262200246252455
0.012338456888524973
0.011066059269389639
0.004457991998475963
-0.0007397010848948504
0.008014615165606864
0.0011062519712468077
0.0007711695444458933
-0.0042616573007311365
-0.002387682202330099
-0.005676040016082129
-0.010703327545608099
-0.0057750102180655905
0.012386102029366963
0.007318762689597635
2.845530383144279e-05
-0.0022716171163267296
-0.002756863639820639
-0.0022497187851517886
0.003114669520188018
-0.007752971654983343
-0.0028748872122712488
0.012808232694927035
-0.009557167162504987
0.0009500640573494312
-0.0012751372210638712
0.0039118935964941315
0.005211470973541132
-0.0026255208234241545
-0.008254964424012301
-0.021100110116800797
-0.031850982202944356
-0.03941366590728046
-0.013522007595565322
0.03903384539598753
0.024297736162143035
0.0006087560246721413
-0.008391699809439435
-0.029576407832956453
0.018292969668469272
0.0011647835144650287
-0.015329578244401953
0.025083020164270664
-0.013897563229596788
0.005277955139955992
0.0044870382986135215
-0.0040896458529868784
0.012831344116577714
0.008705367298757816
-0.0025610055580335134
-0.016164204602552523
0.004565813598361723
-0.01231843902042229
-0.002048652933485662
-0.0033629742722152134
-0.0004657806483666649
-0.02566611782492978
0.0012328818080848958
0.0190755218699743
0.001973927490716232
0.014315268580220586
0.01828980813381431
-0.0035882338139452408
0.008035678209220576
0.008818386335509576
0.0007251307470337309
0.0012755038736604885
-0.006825414134604912
-0.004716298429397803
0.01485277599486512
0.004570474242289402
0.00027052151629769483
-0.001421083170244808
-0.005825376581296671
0.016627537222502875
0.011030396928638497
-0.0019131147145990957
-0.0025540995953997614
0.011839933394323987
-0.00044968545937285054
-0.0048099702786910115
0.011873845798707316
0.002728072051519481
-0.0035453765540646165
-0.0011320880364932284
-0.00034763063530685034
-0.00982278963414629
0.0015106466914911465
-0.0032280998405164185
-0.01399036144578314
-0.011207397957936904
0.014903313824738973
-0.0013393792099123392
0.016162384658902518
-0.0011230670288638889
0.0038102285176147
-0.0012349401915593416
0.0012220896294909966
-0.0001292397828771552
0.0005936223891387371
-0.004640904067250151
0.010680586999677999
-0.010995752937987158
-0.014373578391063457
0.020525755993794137
-0.00698956346303703
-0.006489911269239812
-0.007738940390290883
0.00225139430167709
-0.01942277425044958
0.00475558669628362
0.010618514891638675
0.014514952946300674
-0.015040495497016582
-0.017797236873680844
0.007778414898656383
0.008816762734086936
0.012418034595898853
-0.0015986125980361754
-0.0021785646703768036
0.010629710673474513
-0.007217228968994793
-0.009411833126550917
-0.01530377604039257
0.002012262379140095
-0.013115420660382515
-0.023700421050516063
-0.01083840686741222
0.0008532645172032449
0.007802793618448156
-0.024965440402748285
0.01669593922593471
-0.02159909253631931
0.0005318215419634065
-0.011693854879261001
0.005195419855539507
0.020283682630725774
-0.015637946405160252
0.014144309246276299
-0.010863455608495332
0.005528558910220527
0.02476021464486422
-0.00044324413474616797
-0.018743103466056232
0.004992039011471272
0.0015267734362336416
-0.018481296823200877
-0.014153878886199789
-0.0006636308701657434
-0.0001889634544679497
-0.01230114587495812
0.01951800905373191
0.01651669365823305
0.016485719410417987
-0.004670884302195866
-2.60711324778784e-05
0.01445421268341529
-0.012454381906964795
0.0044397716094042305
0.011348326251425123
-0.0018701644719988364
-0.008120941454274777
0.023868794087660294
0.00409432102509677
0.003498703717687457
0.0033059095013543427
0.0008850044250221512
-0.011240108704340224
0.0050574457120338145
0.00015080909077203053
0.016395502545776264
-0.0012610091039911842
-0.0018369610425620353
0.005600392870784177
0.0065952387999328455
0.004405588579773578
0.0009855677748611402
-0.0008773640085785184
-0.006385988876963622
-0.00037806069592627445
0.0005452027073489241
0.008816671166638201
0.004350343793947387
-0.0020397780953995692
0.006330896132521691
-0.0032082517199124583
-0.010144569799577008
0.010507683957812652
-0.011975845083371128
0.0027866066574921966
-0.002739792928306284
0.00966214330138726
0.010040160642570406
0.00017287578874580767
-0.00098426141983321
0.006540973600611455
0.0030845039487379378
0.0007616146230007281
-0.005194063926940662
4.7813031919918814e-05
-0.0018120272712495167
0.001872793719674748
0.001649376105560263
-0.00923084266043006
-0.00506308380824827
0.007810003389338016
-0.008676727057840061
-0.005936889651395494
-0.00023889387261577522
0.003174634136826171
0.0007534732687128898
0.012483666797817872
-0.0095615503816463
-0.00016953585925616466
-0.008478230326872227
0.009796688181920254
-0.009411320681679491
0.00020515726281145064
-0.0037067243593813526
0.006019489813925416
-0.002085444764948985
0.013681373410675546
0.006974750248066153
-0.0002104719354808493
0.004286876226017977
-0.0010004478195001498
0.001130207538531991
0.002824710741046177
-0.0029117543676315805
0.004897266962979874
0.0012894600859958416
0.003309455383901483
-0.0017176941371889187
-0.009175222644506098
-0.008115186992800894
-0.0017988898829277566
-0.0018406799915194894
0.0031329954139511784
-0.003257956005563112
0.005808171029634712
0.0027121084843393373
-0.001651586959643958
0.013364022153492305
-0.03591978498287063
-0.01809650487628911
0.01777020204544777
0.01703264590465059
0.013565002390415248
0.0019486769007937
-0.006847523716683512
0.005352996097771179
-0.0008715406266519565
0.015253348586681925
0.0034086107328981097
0.007009302064421963
0.00013474959807435738
0.005259172191430128
-0.0009289428076257877
0.0023823401519147414
-0.001435236675604079
0.004270304744474762
-0.0036124840084306165
0.004553914935085945
-0.0030114527155947757
0.0003228067586511507
-0.001198609612849011
0.0016062180948777094
0.0016312913007012764
-0.0012697828487301388
-0.006361592747507805
0.00313393879547319
0.00021258994634409945
0.008603442301027941
-0.0009070627201803738
0.0003897491391129382
-0.002864685984581117
0.0047345655461528136
-0.0007960508557545154
0.002792976351273957
-0.005479076775563363
0.001868558180106783
0.002199594907937863
-0.001440316046492529
-0.0005632203382069934
0.0019517648352453953
-0.005240294480771901
-0.001365241054683275
-0.0015788480393283955
0.005228119352340244
-0.0019537878718389745
-0.0023757880999210057
-4.145650521647504e-05
0.004201100024874949
0.002981678730997528
-0.00014635395704520882
-0.002223076078603392
-0.024522073992573334
0.014677062331693191
-0.014830665480954464
-0.0005876766556026647
0.01010927804983619
-0.0037722492851356426
-1.8698928551330596e-05
0.00029918845132592686
0.010917112199498868
0.006499870557343135
-0.005736778768866024
-0.00858783474770064
0.006444247705139627
0.005296467941090732
-0.00932130406149101
0.007967905240501505
-0.003260664031693561
-0.004955580233203749
0.004296695171798204
0.0004815416741907885
-0.0032534698278855467
0.004605941292820992
-0.012446502685264704
0.0011466118788989732
-0.0030993184304264343
0.00020163653841631657
-0.0030380031692749387
0.006160357394780158
0.0021919985043934442
-0.0013757467506726462
-8.405951413614776e-05
0.004749761811354558
-0.0037976507555791406
-0.0017404206872095873
-0.0029867768517781723
-0.003108239882983921
-0.00012227181023405365
-0.006786915316417175
-0.00652548633341532
-0.0044233867508127744
-0.0016661400132141901
0.022223501088635134
0.003771956162738288
0.011077043878180648
0.0019507595018628532
-0.0013979367745031723
-0.00011550278361704969
0.007480824323075508
-0.0015822857378724464
0.004676288735564471
-0.002386700318226631
0.007461386864659136
0.0021654277629676866
0.0008080111124224576
0.003914329257229898
-0.005254478505433036
0.00133531965917566
-0.0026534703763845258
-0.0035155379500729778
0.0003970644613615626
0.005821300668354734
0.0034108794353906458
0.013163188276083426
0.002159412853860454
0.005938945503274562
-0.0011374046815045835
0.006539770310506121
-0.008117197541950394
0.003883228005396644
-0.0017506399119374683
0.001975138060378967
0.0036375208284531446
-0.002457327062305281
-0.00186298660592088
0.0012516807020026555
0.002248441772426002
-0.00835654596100277
-0.00029334376333378653
-0.004637080639855018
0.008486575577422162
0.00572230858833489
-0.0007706704833204681
0.00351696782723665
-0.0035485599346501973
0.0
0.002829564987438804
-0.002144753265474808
0.0018498617008155804
-0.0029675025498540064
0.0017637539739581154
-0.0036093296770529637
0.003366185299223723
-0.0026900775323491777
0.006564541762317022
0.008026069375062894
-0.0007353037152416642
-0.000866468119198105
-0.006009526341248739
-0.0008899995615766487
0.00029839350204285964
0.0005702879954376794
0.007264835478001608
-0.002115416423640437
0.00022682067208701362
0.0006933905489561187
0.0057524611382027135
0.0035660587468098193
0.005245887483269263
0.004007301621389514
0.004992342508064018
-0.0008641055656061214
0.0016785814708464297
0.00604807839534538
-0.0010822785345272479
0.00041899086684549225
0.001493351834538359
0.001018020225231675
-0.0025783310475788745
0.013673825117192173
-0.0058598641045760624
0.0005037952576072424
-0.0032772164221692712
-0.0029133039476952893
-0.0022842521713062336
0.0007998374933346764
0.0032686786165836423
0.00036668633566550035
-0.0033790189048102937
0.008374727853051489
-0.001626657052061442
-0.0013143639402364293
-0.00200988121517931
-0.012407993359932812
0.0018899156150544716
-0.0010602737976110888
-0.0008440041603438031
-0.0010196332733214408
0.007251482966702083
0.0010854034436120763
0.0029350353432466836
-0.002255010430479043
-0.0016421751202002621
0.0005595970900948988
-0.0030548776354145657
0.0019294927644020188
-0.0008271509105022279
0.0006877403907383783
-0.0014339289653649834
-0.0037599095922304926
-0.006814702357852864
0.008613323600764389
-0.0029033507733046138
-0.0017163423974997372
0.007557192163101911
-0.0030307660961697014
0.010835781496146835
0.0060948128803992585
-0.0004898225753783292
0.0005528911600243269
-0.0019131184668260692
0.00173223722842053
0.001189115406999841
-0.0012671621005617695
0.0005778555696065446
0.004088687267735702
3.751109703298283e-05
-0.0010252648600889147
0.0011306176259533451
-0.002162833436821554
-0.0014784250179582514
0.004776444016897363
-0.0006868360584768585
-0.01817825856948263
0.0036868431882495223
0.00676749573068669
0.005160114706536767
0.0018379127993919386
0.0024891386829661855
0.004441875070184231
0.0003105500047617671
-0.0012045599423798903
-0.00046002544645251664
0.007571108715482167
0.003707727381216941
-0.0012176772294358873
-0.0027790320594393014
0.001568333655781684
0.0002671445128517025
-0.0008299812227020587
-0.000978710980068076
0.004511420562363311
-0.0009957588050893973
-0.002239614097263254
0.00028366345181418673
0.00834720424141544
-0.006696665117833511
-0.0005826764545369123
-0.00045573798760889517
0.0015608954610804027
0.00031579379075585834
-0.008072749039592986
0.0088080417296994
-0.008600027041533398
0.0015332479232963436
0.0023107934687074394
0.0014532669688471778
-0.00936880791271677
0.006403153854134258
0.0009277661864273146
-0.0007827208199616686
0.007305619802682184
0.00187455233807432
0.0046735271648765675
-5.286121491343554e-05
0.0005977699520971491
0.0053726514969865136
-0.00015360796821128897
-0.0003679071741898854
-0.0010636834995592093
0.002923183435833865
0.0002825850883885206
-0.0009726252406339064
-0.0013411865461215866
-0.0007281258848751415
0.002449095251588762
0.0004926605689827834
-0.0021835911800677232
0.0018890363083294837
0.001647266869345021
-0.002414436638168982
-0.0003636481179190021
-0.01447441815345063
0.0012755258980974293
0.01004374682548792
-0.0004988158193557357
0.0014201029777529683
-0.015436913265616137
-0.0018353833934839914
0.0011626229102676966
0.009940824503679613
-0.003453604674394928
-0.002074434133647607
0.0016728373042720346
0.00048709604797259054
0.0008427977612674997
0.004615133058087695
0.005721051924853171
0.0019824813383773066
-0.007550826754961659
0.003128750737433128
-0.00017845989113951521
-0.001488783416494277
0.01083922760346634
0.003363999180100441
0.0007570659488558285
-0.0011007176679195263
0.0018472363580994688
0.0014558660603223306
0.0011102812845715793
0.0006343127281429606
-0.003045960514145296
0.0006478445173156988
-0.002222026840165925
7.209632068461147e-05
0.004085163646849521
0.0012046078243665992
0.0037050907149631662
0.0038739997459671383
0.002158853672423522
0.0012467548864110167
0.005646756562926125
-0.0010736382622734686
-0.001804395664743219
0.002322446782173193
0.001803468933287311
-0.0016867300136190755
0.0008781111202582625
0.0017507647356032052
0.0006724949562879612
0.0007423730932734074
0.0003279635804251946
0.005116896296007312
-0.0039724915637947555
0.0016179463387628878
-0.004663057143858063
0.0012709461705413538
0.008072957350414134
-0.0031924744388955872
0.0009444852555358096
0.001592072256781707
0.00018996960486306058
0.0030970792875555375
0.0012713305304810074
-0.00018910668318461443
0.0014436587098169973
-0.003761977813581785
-0.0008976174447306029
0.0009836192541532451
-0.002309620711533511
-0.005525675974360822
0.008196146017733552
-0.0026260422951377427
0.001275762452255913
0.006541086075890767
-0.0007502799121211767
0.002056155374497548
-0.0003842577293442506
0.00984846737551015
-0.00036923685973555553
0.008190946928299692
-0.00202449028924534
-0.0010521455442770167
-0.003739429575970621
-0.00011408709408766704
0.0029323728639507607
0.005506298872194781
0.0032019611540636816
0.0015488780033008354
-0.0004729534441145766
-0.004070826370242253
0.008974325134520456
0.005362862086620401
-0.003230291135099761
-0.0008279040973793172
0.0019856303069889503
-0.0004581739347455649
-0.0010583824636460903
0.00079089722066783
0.0018340279279212002
-0.005183178668968558
0.008303380074131894
0.006398818907860759
0.004028661363921104
0.007033799683552555
0.0016623225124401397
0.0013029031448006378
-0.0011122055472160275
0.007033618001404562
0.006749627831013516
-0.0035244630756861017
0.009415002053003496
-0.001616379310344751
0.004385228178396927
0.008066754439027823
0.002174396481431362
-0.0005600307136341964
0.0006026346765155566
0.011841155234656897
-0.006731944014173874
-0.010898781509218525
0.0004889403811609849
-0.0006480605989779287
-0.021208513171602883
-0.040979244278871785
0.017440938639606607
-0.0050015954644285765
-0.037536451302551344
0.014936071290197583
0.013914603653299107
0.0026129518072288693
0.013402479965752168
0.0120690869070601
0.0003734622144111466
-0.005841403693699454
-0.00549652831466807
0.0009735944886408721
0.016028343614550522
0.011756997779638123
-0.012706864297021059
-0.011095806550352139
-0.013324342350110263
0.005071573420174946
0.011032048304691067
0.0026387939462098053
-0.00048384968403136774
0.00446310693853591
0.017378795678667736
-0.001273967637633433
-0.00636359063175973
-0.005724493818052956
-0.0007819660444884358
0.0017034720983646334
-0.014204163502312905
0.001481798210046792
-0.001843986249236318
-0.02516289137256489
-0.020966906104724736
0.0271572407717926
-0.017276334844182117
-0.0029166124426820428
0.01376967370441462
-0.02233733580221664
0.01261483879963432
0.011566486259060316
0.00686280811739759
-0.02192020549488527
0.003336571356168383
0.01672687474169199
-0.005525298565605352
0.008250731400845313
-0.0028866474724003055
0.008109023830139561
0.01066157798822931
0.0008313657676830566
-0.005726120857699746
-0.008536535555283331
5.617682967939963e-05
-0.01338056915166519
0.0018371189116968
0.01043418958854292
0.0011136358523251566
-0.008187541902161422
0.0025490455240648746
-0.007205815880669042
-0.0022536964035709817
0.012811201149927953
0.003457960066380883
-0.0002656559269333947
0.009682176113057217
0.009370632999603501
0.0017076314600799058
0.0008835217690965624
-0.006842165025108815
0.004060558004020054
-0.000855843612027285
-0.002632227136203147
0.007386738519040259
-0.0031357367883761977
0.003248373977771557
-0.002023202806873625
-0.002357245505469785
-0.011564198388288038
0.01269582803565994
-0.006879563584568427
0.01084919435028664
0.0044795986279628774
0.0007026178887243884
0.00856737485448189
-0.0007141955380813858
0.0031259362467830343
0.0010687182218256375
0.0017433501078361058
-0.004026050917702695
0.002471510972283708
-0.0010170746345898873
-0.0021261593144484836
-0.004023433979269853
0.0017121614137458607
-0.006345489498865264
0.0018619806819504259
-0.013724735741665661
0.0022045806696182613
-0.008604290761129008
0.006178624478169192
0.0007583817752760957
0.0030680150237090142
-0.00494735413740377
0.00862075320099387
0.008481296202235589
0.008823039183714743
0.0034732074550045677
-0.007094178621538827
0.008749035695488905
0.0010792305300737493
-0.001028090429120665
0.00397365665748306
0.0021604883344306103
-0.003952948196134454
-0.0009484790461010695
0.00183808439484201
0.004780938945058377
0.009101545880016992
-0.003032251490652005
-0.006562253298748155
-0.005754180827438504
0.00488474987511589
-0.001036825042875611
0.004922921620689635
0.0046441380578801095
0.0035382963367192044
0.002824165029469361
-0.00026237996116773576
-0.001441718864821362
-0.0071138709971333425
-0.004005957759204981
0.00638924424064391
-0.00760221974957398
0.007919471183698512
0.0033231362802699227
0.002427959426412052
0.0020685672284348477
-0.0003981892866123937
-0.001691231454109654
0.0061988533346399866
0.007670392285776817
0.0002692682118519141
0.005701427427593275
-0.004430275493816138
0.00013443037712890238
-0.001654305329620409
-0.002803170482476691
-0.0036522883057535926
-0.0022133041469051262
0.001897843770893859
0.0037398379635260603
0.00035666178420923345
0.005282250806529776
0.00027546501938591206
-0.005569745746958565
0.005369011354195541
0.00125330973621951
0.007840574975498171
-0.00036850635502849727
-0.0035157543341060027
-0.0013050760951849316
-0.00328924803468289
0.0027632769780832067
-6.863417982172493e-06
0.0036410682297065566
-0.00039663679353352244
0.0007114930065028613
-0.008169515742554312
-0.005527965508803745
-0.00039506925841348295
-0.0014179577940874877
-0.032864175757028824
-0.020573073719881707
0.014206284338267983
-0.005905035180855278
0.021495643069809
-0.0002526762327753618
-0.014391946490294405
-0.00036116990154511086
-0.0042994746692295305
-0.00551185102399232
-0.030864490329077787
0.018625051767629408
-0.01732721755489608
-0.006559621467715271
0.015666824420255576
0.010851291456518197
0.0105577968389301
-0.006316665267828814
0.005600317290107348
0.006259335137365651
0.02120887695294771
-0.0025089822274502183
-0.009198989607493102
-0.019701475363267495
-0.001481905348797996
-0.007567464311691308
0.010593800664796094
0.0022232803457622463
-0.016643094431470606
-0.018151208036480848
0.00304327583661701
-0.006554890129173208
0.015532409517731827
0.003261703042884756
0.02297393528374414
-0.0021976900564546487
0.00818552393197347
0.010941355061463431
-0.03236488351007216
-0.0015221883958135285
-0.02332016543333515
0.001762194844060927
-0.00035636837875119287
0.005419488922094429
-0.00019991927787654795
-0.019086676677205427
-0.020773476413007863
8.641209140813899e-05
-0.015395733182517968
-0.015772090500047797
-0.020588306814405377
-0.02711224768478282
0.049593807154098
0.008562629168861635
-0.0012415472330372657
0.008492440882795549
0.0012685242435728217
-0.02475667621502542
0.0343356931888279
0.00701043468644591
0.009695296290921585
0.0040980263439003295
0.004518445159692908
-0.00014634296629478794
-0.005257562801876614
0.010721711756711327
0.002221966823736654
0.007591452926111408
0.013183052853609212
-0.014157284018107563
0.0022028941471379238
0.001375677416909804
0.0084887201825663
-0.0078468605052614
-0.001456209694195909
0.015549242424242493
0.008597377892989533
0.000898635405495396
0.006776204217207926
0.004708481505539597
-0.0022208423128903254
-0.009360745638119394
0.0006762624489569102
0.0007090417596054
0.012890250202966858
0.003023976857468691
-0.0026516238471793185
0.010878709851296353
0.0014987750396311394
0.0017771318387196366
-0.003526412180845262
0.006411088047050706
0.0012317960947767492
-0.0007903837831845228
-0.0005440423780378456
-0.0028255466662847617
0.0068953381050032014
-0.0038806002090102654
-0.0011314768996100177
-0.0065241159285216455
-0.008125710368218741
-0.0021317385309919112
0.014666049353461608
0.0029533287823806376
0.006949618845646821
-0.0008680432029370966
0.004984902865607044
0.0037059607153993035
-0.0001306063665308388
-0.0029443226469249018
0.010852515552911779
-0.018974527826038257
-0.0008390729493592541
0.007182778484540853
-0.004644380264399728
0.0035895443381801506
0.006734293751598397
0.01156858594411525
1.7438676892522764e-05
0.0021484075277968806
0.0020846384074615365
0.004636398681665099
0.0010474498226595852
-0.0060674708281390766
0.0034778681120144483
3.808587325715429e-05
0.006609378462220095
-0.0006294261903205811
0.000509364739569973
-0.002273774879087531
0.0015790653174507785
0.001012037741434657
0.008841219132246891
